7465235517
40727175557
40741015059
40746551846
40748619016
40752373645
40756487678
40758409800
40761298171
40761305289
40764369751
40771493913
40771705547
441234258521
447307886025
447340640475
447342180743
447342300737
447345158009
447345852796
447354443733
447366261383
447367305850
447367876076
447392388814
447397166654
447404053011
447404299376
447404379056
447404695288
447405370112
447405629447
447407241968
447412979557
447413170006
447424025539
447424166641
447424484056
447424530845
447435742752
447438264492
447438303308
447438529395
447440174261
447440195836
447440446612
447440572711
447440756373
447442487262
447448012907
447448183547
447448621214
447448647889
447448741589
447448796333
447453836797
447454913734
447459235675
447459330703
447459333356
447459427718
447459475776
447459520766
447466612789
447475457079
447475876578
447480353344
447503919000
447507061010
447507663006
447511029784
447518502945
447522381446
447534148772
447546106831
447553827697
447557300190
447562298087
447563720120
447570078464
447570413019
447570608018
447570707052
447572012911
447590586534
447594157884
447727257425
447733794557
447738375801
447741582712
447743484204
447747082940
447747853733
447753280076
447753658602
447754349304
447756771707
447759584996
447760112588
447760871699
447765932491
447776074770
447778116527
447778940943
447784327314
447802489225
447802631980
447810248598
447818382602
447818931319
447821726668
447827395225
447840938858
447841379995
447846797891
447850854966
447860115141
447860805924
447861720832
447881270062
447887202185
447887443573
447888682692
447901049985
447917457611
447919239052
447925538755
447927185207
447930677884
447935467817
447950424888
447958124845
447983616168
447983787344
447984363037
447988817535
447990234486
40775103840
447305794114
447307086860
447308218081
447308980032
447342688171
447361961419
447366525435
447367016661
447377842847
447380338533
447383580217
447391171011
447396744997
447397506814
447401744470
447404048861
447404091347
447404843371
447404866284
447405766428
447414481603
447423301042
447423321781
447425838843
447427294401
447432731562
447436840770
447438028482
447438638760
447440237935
447440674974
447448525388
447448860473
447450265416
447460512921
447464355848
447466510997
447466518081
447466668554
447473737117
447498626797
447506172632
447508040431
447538591630
447735852257
447747573661
447759080494
447763808131
447769631606
447775343460
447776217085
447777221829
447780181187
447786726696
447808099363
447818553109
447828432612
447828494749
447869199112
447880692274
447894570450
447899501834
447921801786
447930421144
447931471382
447943193203
447990465482
4745970829